state,AK,AL,AR,AZ,CA,CO,CT,DC,DE,FL,GA,HI,IA,ID,IL,IN,KS,KY,LA,MA,MD,ME,MI,MN,MO,MS,MT,NC,ND,NE,NH,NJ,NM,NV,NY,OH,OK,OR,PA,RI,SC,SD,TN,TX,UT,VA,VT,WA,WI,WV,WY
AK,1,0.431,0.5428,0.5431,0.2442,0.5462,0.218,0.1665,0.2213,0.3105,0.2419,0.2203,0.6454,0.6547,0.2273,0.6152,0.6861,0.6281,0.2902,0.2198,0.2056,0.494,0.4978,0.5872,0.585,0.3046,0.6417,0.4606,0.6648,0.5838,0.4717,0.1927,0.37,0.3697,0.1944,0.5311,0.6532,0.5841,0.4819,0.3366,0.3799,0.6674,0.5273,0.413,0.5729,0.285,0.4024,0.5341,0.5784,0.5907,0.6392
AL,0.431,1,0.7001,0.2345,0.233,0.2788,0.1834,0.1511,0.4349,0.4082,0.6782,0.215,0.5955,0.5231,0.1635,0.6566,0.6288,0.7022,0.7056,0.1794,0.2076,0.4862,0.6079,0.5158,0.6788,0.7017,0.5898,0.786,0.5671,0.4866,0.4255,0.1954,0.2163,0.2163,0.184,0.6225,0.6574,0.4308,0.5382,0.192,0.794,0.5885,0.7227,0.2444,0.2712,0.5023,0.3349,0.2696,0.5494,0.6636,0.583
AR,0.5428,0.7001,1,0.2865,0.2184,0.3688,0.1515,0.1395,0.3714,0.3771,0.5467,0.2054,0.6324,0.575,0.1772,0.6792,0.6823,0.7225,0.5905,0.1567,0.1876,0.4877,0.5967,0.5575,0.682,0.581,0.6215,0.7234,0.6204,0.517,0.4363,0.1868,0.2077,0.2157,0.1791,0.618,0.691,0.4962,0.54,0.2106,0.693,0.6446,0.7218,0.2277,0.3421,0.4528,0.349,0.3476,0.5752,0.6807,0.6272
AZ,0.5431,0.2345,0.2865,1,0.5757,0.5927,0.4733,0.1575,0.3385,0.6082,0.2296,0.4482,0.4761,0.485,0.5126,0.4452,0.4306,0.394,0.2243,0.4659,0.2324,0.4398,0.4974,0.4971,0.4104,0.2161,0.4474,0.2714,0.4085,0.4588,0.453,0.5266,0.5899,0.7908,0.5243,0.4917,0.3983,0.5531,0.5369,0.5546,0.2395,0.419,0.301,0.5935,0.5385,0.2906,0.3521,0.6562,0.5285,0.3999,0.3919
CA,0.2442,0.233,0.2184,0.5757,1,0.2924,0.2722,0.2398,0.2075,0.3583,0.241,0.6764,0.2339,0.2102,0.3104,0.2289,0.2429,0.2311,0.2169,0.3014,0.2266,0.2362,0.2549,0.2532,0.2309,0.2395,0.2323,0.2481,0.2226,0.2036,0.2392,0.4986,0.6314,0.6095,0.5295,0.2466,0.2277,0.2295,0.2581,0.2899,0.2466,0.2284,0.2238,0.5937,0.2409,0.2241,0.209,0.3236,0.2586,0.2252,0.2159
CO,0.5462,0.2788,0.3688,0.5927,0.2924,1,0.5116,0.159,0.3268,0.4106,0.2327,0.2129,0.6193,0.6007,0.4897,0.5595,0.6435,0.5302,0.2152,0.5731,0.2361,0.5492,0.5773,0.7214,0.5696,0.2128,0.6194,0.3862,0.5798,0.6013,0.6205,0.4345,0.2532,0.4033,0.3979,0.592,0.4764,0.6984,0.6354,0.5622,0.2786,0.5636,0.4271,0.2816,0.6408,0.5456,0.4872,0.7451,0.6461,0.5012,0.526
CT,0.218,0.1834,0.1515,0.4733,0.2722,0.5116,1,0.1,0.5705,0.5607,0.2058,0.239,0.4314,0.3212,0.5699,0.301,0.2874,0.266,0.1841,0.7192,0.4124,0.5842,0.5276,0.5187,0.3381,0.1904,0.4369,0.252,0.3047,0.3648,0.6319,0.6227,0.2661,0.4277,0.5296,0.4726,0.1612,0.4919,0.5985,0.6611,0.2124,0.3224,0.1747,0.2068,0.357,0.5391,0.5922,0.5921,0.5463,0.3126,0.2806
DC,0.1665,0.1511,0.1395,0.1575,0.2398,0.159,0.1,1,0.1197,0.1634,0.1625,0.1755,0.1659,0.1555,0.111,0.1546,0.1659,0.1589,0.1472,0.2046,0.481,0.1568,0.1599,0.1613,0.1554,0.1305,0.1662,0.1594,0.1462,0.1388,0.1542,0.2616,0.1406,0.1532,0.3046,0.1602,0.1474,0.1601,0.1568,0.0928,0.1604,0.151,0.1523,0.1614,0.155,0.1417,0.1449,0.1468,0.1575,0.1572,0.1412
DE,0.2213,0.4349,0.3714,0.3385,0.2075,0.3268,0.5705,0.1197,1,0.6209,0.4719,0.1794,0.5572,0.4062,0.5705,0.4992,0.3939,0.4695,0.4778,0.4858,0.4569,0.6188,0.7034,0.5554,0.5271,0.3702,0.5128,0.5413,0.3997,0.4331,0.6029,0.426,0.1903,0.3646,0.4015,0.6463,0.2622,0.4788,0.6978,0.5464,0.5309,0.4228,0.4185,0.2152,0.3143,0.6653,0.5689,0.4556,0.6362,0.4857,0.3703
FL,0.3105,0.4082,0.3771,0.6082,0.3583,0.4106,0.5607,0.1634,0.6209,1,0.3503,0.3096,0.4948,0.4233,0.5463,0.4786,0.4078,0.4597,0.3634,0.4539,0.3754,0.5817,0.6567,0.5086,0.4957,0.2969,0.4998,0.482,0.3533,0.4194,0.5733,0.5603,0.4024,0.6234,0.5111,0.6098,0.3724,0.5673,0.7021,0.5657,0.4631,0.407,0.423,0.3273,0.2709,0.5226,0.4543,0.5352,0.5994,0.5093,0.3872
GA,0.2419,0.6782,0.5467,0.2296,0.241,0.2327,0.2058,0.1625,0.4719,0.3503,1,0.2077,0.4347,0.3599,0.2132,0.5278,0.4512,0.5458,0.7519,0.214,0.3195,0.3133,0.5217,0.3622,0.5502,0.7403,0.3829,0.7012,0.3942,0.343,0.2601,0.2397,0.2476,0.2365,0.2324,0.5221,0.4662,0.2588,0.4316,0.1985,0.7413,0.3969,0.5942,0.271,0.2346,0.4991,0.2133,0.2127,0.4011,0.4934,0.3811
HI,0.2203,0.215,0.2054,0.4482,0.6764,0.2129,0.239,0.1755,0.1794,0.3096,0.2077,1,0.2085,0.195,0.1477,0.2049,0.2254,0.2124,0.2125,0.2032,0.1898,0.2058,0.2112,0.223,0.2103,0.1793,0.2136,0.2202,0.2152,0.1961,0.2075,0.3941,0.6781,0.4592,0.3376,0.2109,0.1992,0.1938,0.213,0.1796,0.2109,0.2185,0.2101,0.4791,0.2108,0.2121,0.1937,0.2089,0.2191,0.2022,0.2062
IA,0.6454,0.5955,0.6324,0.4761,0.2339,0.6193,0.4314,0.1659,0.5572,0.4948,0.4347,0.2085,1,0.7524,0.4278,0.7929,0.7811,0.7743,0.4939,0.4106,0.2214,0.7578,0.8088,0.8219,0.8029,0.4544,0.8304,0.6991,0.7541,0.729,0.7233,0.2403,0.2439,0.3428,0.2255,0.8171,0.6259,0.7397,0.7787,0.5027,0.6256,0.7658,0.6664,0.2737,0.5669,0.6323,0.6322,0.6477,0.8395,0.7588,0.7087
ID,0.6547,0.5231,0.575,0.485,0.2102,0.6007,0.3212,0.1555,0.4062,0.4233,0.3599,0.195,0.7524,1,0.3587,0.7308,0.7396,0.7086,0.4295,0.3192,0.1974,0.6068,0.6851,0.7163,0.7191,0.3735,0.7253,0.5833,0.7244,0.7209,0.5944,0.2002,0.2173,0.3439,0.194,0.7091,0.6308,0.6586,0.6654,0.4233,0.5205,0.7125,0.6109,0.2731,0.6152,0.5005,0.4693,0.5779,0.719,0.685,0.6942
IL,0.2273,0.1635,0.1772,0.5126,0.3104,0.4897,0.5699,0.111,0.5705,0.5463,0.2132,0.1477,0.4278,0.3587,1,0.3765,0.3197,0.3097,0.2099,0.5689,0.3916,0.452,0.5528,0.5075,0.3708,0.1608,0.3652,0.2856,0.3088,0.3866,0.498,0.55,0.1991,0.5281,0.585,0.515,0.1718,0.4924,0.5995,0.6451,0.2404,0.3039,0.2294,0.2206,0.4597,0.4995,0.4087,0.5881,0.5354,0.3016,0.2491
IN,0.6152,0.6566,0.6792,0.4452,0.2289,0.5595,0.301,0.1546,0.4992,0.4786,0.5278,0.2049,0.7929,0.7308,0.3765,1,0.7864,0.7996,0.5762,0.284,0.2069,0.6324,0.767,0.7473,0.8052,0.5212,0.7475,0.7477,0.7289,0.6977,0.5963,0.2065,0.2351,0.3337,0.2045,0.7909,0.6841,0.6722,0.7193,0.4087,0.684,0.7335,0.727,0.2656,0.541,0.5883,0.4753,0.558,0.757,0.7552,0.6974
KS,0.6861,0.6288,0.6823,0.4306,0.2429,0.6435,0.2874,0.1659,0.3939,0.4078,0.4512,0.2254,0.7811,0.7396,0.3197,0.7864,1,0.8038,0.4907,0.2961,0.2106,0.6131,0.7015,0.7613,0.7902,0.4717,0.7753,0.7089,0.7644,0.7003,0.6045,0.219,0.2397,0.272,0.2122,0.7342,0.7304,0.6912,0.67490000000000006,0.3802,0.6275,0.7659,0.7306,0.2667,0.5645,0.5808,0.4765,0.5715,0.7265,0.7516,0.7353
KY,0.6281,0.7022,0.7225,0.394,0.2311,0.5302,0.266,0.1589,0.4695,0.4597,0.5458,0.2124,0.7743,0.7086,0.3097,0.7996,0.8038,1,0.5907,0.2365,0.2089,0.6243,0.735,0.7187,0.8059,0.5624,0.7589,0.7848,0.7346,0.666,0.5854,0.2031,0.2286,0.2748,0.1953,0.7585,0.7262,0.6428,0.6885,0.354,0.7224,0.7516,0.7683,0.2548,0.4806,0.5761,0.469,0.5067,0.729,0.7758,0.7184
LA,0.2902,0.7056,0.5905,0.2243,0.2169,0.2152,0.1841,0.1472,0.4778,0.3634,0.7519,0.2125,0.4939,0.4295,0.2099,0.5762,0.4907,0.5907,1,0.1868,0.2529,0.3833,0.5657,0.4194,0.5916,0.708,0.4428,0.7014,0.4675,0.4095,0.3196,0.1994,0.2088,0.2259,0.1841,0.5712,0.5013,0.3003,0.4775,0.1736,0.7424,0.4581,0.6158,0.2384,0.2849,0.4728,0.254,0.2008,0.4696,0.5387,0.4473
MA,0.2198,0.1794,0.1567,0.4659,0.3014,0.5731,0.7192,0.2046,0.4858,0.4539,0.214,0.2032,0.4106,0.3192,0.5689,0.284,0.2961,0.2365,0.1868,1,0.4112,0.526,0.4868,0.5309,0.3178,0.1999,0.4003,0.2164,0.3111,0.3737,0.5941,0.6435,0.2266,0.4172,0.5792,0.4475,0.1626,0.4927,0.5615,0.6339,0.2015,0.2998,0.1641,0.211,0.4393,0.5296,0.5491,0.6141,0.5179,0.2577,0.2479
MD,0.2056,0.2076,0.1876,0.2324,0.2266,0.2361,0.4124,0.481,0.4569,0.3754,0.3195,0.1898,0.2214,0.1974,0.3916,0.2069,0.2106,0.2089,0.2529,0.4112,1,0.2368,0.2975,0.241,0.2164,0.2068,0.2209,0.2258,0.1999,0.1893,0.2675,0.5042,0.2034,0.2408,0.5314,0.2512,0.1979,0.2146,0.3165,0.3318,0.2253,0.1962,0.2032,0.2215,0.2354,0.4057,0.2603,0.2284,0.2435,0.2009,0.1907
ME,0.494,0.4862,0.4877,0.4398,0.2362,0.5492,0.5842,0.1568,0.6188,0.5817,0.3133,0.2058,0.7578,0.6068,0.452,0.6324,0.6131,0.6243,0.3833,0.526,0.2368,1,0.7655,0.7576,0.6706,0.3441,0.7673,0.5918,0.6176,0.618,0.8143,0.3668,0.2338,0.3375,0.2825,0.7408,0.4477,0.6887,0.7793,0.5776,0.5366,0.6482,0.5234,0.2479,0.4206,0.6393,0.7504,0.6388,0.807,0.6606,0.5963
MI,0.4978,0.6079,0.5967,0.4974,0.2549,0.5773,0.5276,0.1599,0.7034,0.6567,0.5217,0.2112,0.8088,0.6851,0.5528,0.767,0.7015,0.735,0.5657,0.4868,0.2975,0.7655,1,0.8045,0.787,0.4769,0.7599,0.7312,0.6703,0.6859,0.7437,0.36870000000000003,0.2376,0.4377,0.35,0.8677,0.5511,0.722,0.8651,0.5836,0.6777,0.6847,0.6536,0.2705,0.535,0.7216,0.6308,0.6554,0.8551,0.7261,0.6325
MN,0.5872,0.5158,0.5575,0.4971,0.2532,0.7214,0.5187,0.1613,0.5554,0.5086,0.3622,0.223,0.8219,0.7163,0.5075,0.7473,0.7613,0.7187,0.4194,0.5309,0.241,0.7576,0.8045,1,0.7687,0.3588,0.7957,0.6349,0.7272,0.7278,0.7749,0.3451,0.2389,0.3603,0.3134,0.8119,0.5643,0.7754,0.8125,0.5776,0.548,0.7214,0.6106,0.2627,0.6301,0.7059,0.6593,0.7245,0.8447,0.6966,0.6672
MO,0.585,0.6788,0.682,0.4104,0.2309,0.5696,0.3381,0.1554,0.5271,0.4957,0.5502,0.2103,0.8029,0.7191,0.3708,0.8052,0.7902,0.8059,0.5916,0.3178,0.2164,0.6706,0.787,0.7687,1,0.5417,0.7741,0.7787,0.7352,0.6926,0.6406,0.2161,0.2342,0.2997,0.2072,0.8071,0.6757,0.6765,0.7417,0.4209,0.7172,0.7356,0.7424,0.2624,0.5184,0.6571,0.5174,0.5586,0.7731,0.7677,0.7015
MS,0.3046,0.7017,0.581,0.2161,0.2395,0.2128,0.1904,0.1305,0.3702,0.2969,0.7403,0.1793,0.4544,0.3735,0.1608,0.5212,0.4717,0.5624,0.708,0.1999,0.2068,0.3441,0.4769,0.3588,0.5417,1,0.4246,0.6843,0.416,0.3366,0.2718,0.2199,0.213,0.2198,0.2179,0.4882,0.5269,0.274,0.3924,0.1811,0.7135,0.4406,0.5974,0.2359,0.2141,0.396,0.2292,0.2008,0.4013,0.5235,0.423
MT,0.6417,0.5898,0.6215,0.4474,0.2323,0.6194,0.4369,0.1662,0.5128,0.4998,0.3829,0.2136,0.8304,0.7253,0.3652,0.7475,0.7753,0.7589,0.4428,0.4003,0.2209,0.7673,0.7599,0.7957,0.7741,0.4246,1,0.6772,0.7385,0.6996,0.74,0.24,0.2406,0.2932,0.2188,0.7663,0.6325,0.7244,0.7471,0.4779,0.6029,0.7655,0.6505,0.2684,0.5005,0.6198,0.644,0.622,0.8054,0.7631,0.7213
NC,0.4606,0.786,0.7234,0.2714,0.2481,0.3862,0.252,0.1594,0.5413,0.482,0.7012,0.2202,0.6991,0.5833,0.2856,0.7477,0.7089,0.7848,0.7014,0.2164,0.2258,0.5918,0.7312,0.6349,0.7787,0.6843,0.6772,1,0.6275,0.5562,0.5316,0.2115,0.23,0.2482,0.2031,0.7394,0.6591,0.5425,0.6587,0.2975,0.8379,0.6519,0.7788,0.2596,0.3218,0.6335,0.4418,0.3871,0.6679,0.7398,0.6239
ND,0.6648,0.5671,0.6204,0.4085,0.2226,0.5798,0.3047,0.1462,0.3997,0.3533,0.3942,0.2152,0.7541,0.7244,0.3088,0.7289,0.7644,0.7346,0.4675,0.3111,0.1999,0.6176,0.6703,0.7272,0.7352,0.416,0.7385,0.6275,1,0.6988,0.6083,0.2018,0.223,0.2598,0.1937,0.7017,0.647,0.6301,0.6454,0.3923,0.5604,0.73740000000000006,0.6469,0.243,0.5973,0.5295,0.5081,0.5529,0.713,0.6932,0.7219
NE,0.5838,0.4866,0.517,0.4588,0.2036,0.6013,0.3648,0.1388,0.4331,0.4194,0.343,0.1961,0.729,0.7209,0.3866,0.6977,0.7003,0.666,0.4095,0.3737,0.1893,0.618,0.6859,0.7278,0.6926,0.3366,0.6996,0.5562,0.6988,1,0.6143,0.2275,0.21,0.3296,0.2038,0.7082,0.5549,0.6542,0.6783,0.4583,0.496,0.6728,0.5659,0.2369,0.6095,0.5424,0.4996,0.5939,0.7161,0.6384,0.6485
NH,0.4717,0.4255,0.4363,0.453,0.2392,0.6205,0.6319,0.1542,0.6029,0.5733,0.2601,0.2075,0.7233,0.5944,0.498,0.5963,0.6045,0.5854,0.3196,0.5941,0.2675,0.8143,0.7437,0.7749,0.6406,0.2718,0.74,0.5316,0.6083,0.6143,1,0.4252,0.2231,0.342,0.3456,0.721,0.4194,0.7055,0.7819,0.6189,0.4676,0.6187,0.48,0.235,0.4802,0.6707,0.748,0.678,0.7949,0.6133,0.5723
NJ,0.1927,0.1954,0.1868,0.5266,0.4986,0.4345,0.6227,0.2616,0.426,0.5603,0.2397,0.3941,0.2403,0.2002,0.55,0.2065,0.219,0.2031,0.1994,0.6435,0.5042,0.3668,0.36870000000000003,0.3451,0.2161,0.2199,0.24,0.2115,0.2018,0.2275,0.4252,1,0.3923,0.5554,0.7523,0.3236,0.1846,0.37,0.4508,0.5575,0.2036,0.2109,0.1888,0.2575,0.3073,0.3804,0.3697,0.4985,0.3664,0.2098,0.1923
NM,0.37,0.2163,0.2077,0.5899,0.6314,0.2532,0.2661,0.1406,0.1903,0.4024,0.2476,0.6781,0.2439,0.2173,0.1991,0.2351,0.2397,0.2286,0.2088,0.2266,0.2034,0.2338,0.2376,0.2389,0.2342,0.213,0.2406,0.23,0.223,0.21,0.2231,0.3923,1,0.5641,0.3256,0.2362,0.2129,0.2563,0.2348,0.2736,0.2202,0.2267,0.2158,0.5708,0.2165,0.2115,0.2118,0.3252,0.2456,0.2219,0.2117
NV,0.3697,0.2163,0.2157,0.7908,0.6095,0.4033,0.4277,0.1532,0.3646,0.6234,0.2365,0.4592,0.3428,0.3439,0.5281,0.3337,0.272,0.2748,0.2259,0.4172,0.2408,0.3375,0.4377,0.3603,0.2997,0.2198,0.2932,0.2482,0.2598,0.3296,0.342,0.5554,0.5641,1,0.5914,0.418,0.2817,0.4225,0.4689,0.5112,0.2321,0.2778,0.227,0.591,0.4416,0.2325,0.2609,0.5296,0.4221,0.2909,0.2515
NY,0.1944,0.184,0.1791,0.5243,0.5295,0.3979,0.5296,0.3046,0.4015,0.5111,0.2324,0.3376,0.2255,0.194,0.585,0.2045,0.2122,0.1953,0.1841,0.5792,0.5314,0.2825,0.35,0.3134,0.2072,0.2179,0.2188,0.2031,0.1937,0.2038,0.3456,0.7523,0.3256,0.5914,1,0.3102,0.1926,0.3309,0.4164,0.5274,0.1927,0.2011,0.1822,0.3118,0.3555,0.3404,0.2779,0.468,0.3299,0.1973,0.1776
OH,0.5311,0.6225,0.618,0.4917,0.2466,0.592,0.4726,0.1602,0.6463,0.6098,0.5221,0.2109,0.8171,0.7091,0.515,0.7909,0.7342,0.7585,0.5712,0.4475,0.2512,0.7408,0.8677,0.8119,0.8071,0.4882,0.7663,0.7394,0.7017,0.7082,0.721,0.3236,0.2362,0.418,0.3102,1,0.5851,0.7235,0.8417,0.5515,0.6827,0.7041,0.6785,0.2705,0.5703,0.7045,0.5982,0.6527,0.8444,0.738,0.6573
OK,0.6532,0.6574,0.691,0.3983,0.2277,0.4764,0.1612,0.1474,0.2622,0.3724,0.4662,0.1992,0.6259,0.6308,0.1718,0.6841,0.7304,0.7262,0.5013,0.1626,0.1979,0.4477,0.5511,0.5643,0.6757,0.5269,0.6325,0.6591,0.647,0.5549,0.4194,0.1846,0.2129,0.2817,0.1926,0.5851,1,0.5406,0.5155,0.2109,0.6072,0.6581,0.6988,0.3565,0.4291,0.3974,0.2909,0.3853,0.5552,0.6776,0.6521
OR,0.5841,0.4308,0.4962,0.5531,0.2295,0.6984,0.4919,0.1601,0.4788,0.5673,0.2588,0.1938,0.7397,0.6586,0.4924,0.6722,0.6912,0.6428,0.3003,0.4927,0.2146,0.6887,0.722,0.7754,0.6765,0.274,0.7244,0.5425,0.6301,0.6542,0.7055,0.37,0.2563,0.4225,0.3309,0.7235,0.5406,1,0.7544,0.5632,0.4485,0.6468,0.5379,0.2414,0.5388,0.58,0.5788,0.7144,0.77,0.6408,0.5965
PA,0.4819,0.5382,0.54,0.5369,0.2581,0.6354,0.5985,0.1568,0.6978,0.7021,0.4316,0.213,0.7787,0.6654,0.5995,0.7193,0.67490000000000006,0.6885,0.4775,0.5615,0.3165,0.7793,0.8651,0.8125,0.7417,0.3924,0.7471,0.6587,0.6454,0.6783,0.7819,0.4508,0.2348,0.4689,0.4164,0.8417,0.5155,0.7544,1,0.6392,0.6004,0.6607,0.5975,0.2602,0.5482,0.7287,0.6559,0.7074,0.8526,0.6914,0.6119
RI,0.3366,0.192,0.2106,0.5546,0.2899,0.5622,0.6611,0.0928,0.5464,0.5657,0.1985,0.1796,0.5027,0.4233,0.6451,0.4087,0.3802,0.354,0.1736,0.6339,0.3318,0.5776,0.5836,0.5776,0.4209,0.1811,0.4779,0.2975,0.3923,0.4583,0.6189,0.5575,0.2736,0.5112,0.5274,0.5515,0.2109,0.5632,0.6392,1,0.2486,0.396,0.2556,0.2117,0.478,0.5124,0.5473,0.6789,0.6065,0.381,0.3489
SC,0.3799,0.794,0.693,0.2395,0.2466,0.2786,0.2124,0.1604,0.5309,0.4631,0.7413,0.2109,0.6256,0.5205,0.2404,0.684,0.6275,0.7224,0.7424,0.2015,0.2253,0.5366,0.6777,0.548,0.7172,0.7135,0.6029,0.8379,0.5604,0.496,0.4676,0.2036,0.2202,0.2321,0.1927,0.6827,0.6072,0.4485,0.6004,0.2486,1,0.5832,0.7403,0.2569,0.2685,0.5873,0.3825,0.2935,0.5966,0.6863,0.5668
SD,0.6674,0.5885,0.6446,0.419,0.2284,0.5636,0.3224,0.151,0.4228,0.407,0.3969,0.2185,0.7658,0.7125,0.3039,0.7335,0.7659,0.7516,0.4581,0.2998,0.1962,0.6482,0.6847,0.7214,0.7356,0.4406,0.7655,0.6519,0.73740000000000006,0.6728,0.6187,0.2109,0.2267,0.2778,0.2011,0.7041,0.6581,0.6468,0.6607,0.396,0.5832,1,0.6617,0.2514,0.5216,0.5167,0.5323,0.5497,0.7237,0.7283,0.7257
TN,0.5273,0.7227,0.7218,0.301,0.2238,0.4271,0.1747,0.1523,0.4185,0.423,0.5942,0.2101,0.6664,0.6109,0.2294,0.727,0.7306,0.7683,0.6158,0.1641,0.2032,0.5234,0.6536,0.6106,0.7424,0.5974,0.6505,0.7788,0.6469,0.5659,0.48,0.1888,0.2158,0.227,0.1822,0.6785,0.6988,0.5379,0.5975,0.2556,0.7403,0.6617,1,0.2365,0.3777,0.546,0.362,0.3852,0.6179,0.7207,0.6493
TX,0.413,0.2444,0.2277,0.5935,0.5937,0.2816,0.2068,0.1614,0.2152,0.3273,0.271,0.4791,0.2737,0.2731,0.2206,0.2656,0.2667,0.2548,0.2384,0.211,0.2215,0.2479,0.2705,0.2627,0.2624,0.2359,0.2684,0.2596,0.243,0.2369,0.235,0.2575,0.5708,0.591,0.3118,0.2705,0.3565,0.2414,0.2602,0.2117,0.2569,0.2514,0.2365,1,0.3386,0.2287,0.205,0.2663,0.2682,0.2537,0.2375
UT,0.5729,0.2712,0.3421,0.5385,0.2409,0.6408,0.357,0.155,0.3143,0.2709,0.2346,0.2108,0.5669,0.6152,0.4597,0.541,0.5645,0.4806,0.2849,0.4393,0.2354,0.4206,0.535,0.6301,0.5184,0.2141,0.5005,0.3218,0.5973,0.6095,0.4802,0.3073,0.2165,0.4416,0.3555,0.5703,0.4291,0.5388,0.5482,0.478,0.2685,0.5216,0.3777,0.3386,1,0.4073,0.3663,0.6069,0.5853,0.4202,0.5031
VA,0.285,0.5023,0.4528,0.2906,0.2241,0.5456,0.5391,0.1417,0.6653,0.5226,0.4991,0.2121,0.6323,0.5005,0.4995,0.5883,0.5808,0.5761,0.4728,0.5296,0.4057,0.6393,0.7216,0.7059,0.6571,0.396,0.6198,0.6335,0.5295,0.5424,0.6707,0.3804,0.2115,0.2325,0.3404,0.7045,0.3974,0.58,0.7287,0.5124,0.5873,0.5167,0.546,0.2287,0.4073,1,0.5783,0.5265,0.677,0.5582,0.4826
VT,0.4024,0.3349,0.349,0.3521,0.209,0.4872,0.5922,0.1449,0.5689,0.4543,0.2133,0.1937,0.6322,0.4693,0.4087,0.4753,0.4765,0.469,0.254,0.5491,0.2603,0.7504,0.6308,0.6593,0.5174,0.2292,0.644,0.4418,0.5081,0.4996,0.748,0.3697,0.2118,0.2609,0.2779,0.5982,0.2909,0.5788,0.6559,0.5473,0.3825,0.5323,0.362,0.205,0.3663,0.5783,1,0.578,0.6927,0.507,0.4756
WA,0.5341,0.2696,0.3476,0.6562,0.3236,0.7451,0.5921,0.1468,0.4556,0.5352,0.2127,0.2089,0.6477,0.5779,0.5881,0.558,0.5715,0.5067,0.2008,0.6141,0.2284,0.6388,0.6554,0.7245,0.5586,0.2008,0.622,0.3871,0.5529,0.5939,0.678,0.4985,0.3252,0.5296,0.468,0.6527,0.3853,0.7144,0.7074,0.6789,0.2935,0.5497,0.3852,0.2663,0.6069,0.5265,0.578,1,0.717,0.5023,0.4985
WI,0.5784,0.5494,0.5752,0.5285,0.2586,0.6461,0.5463,0.1575,0.6362,0.5994,0.4011,0.2191,0.8395,0.719,0.5354,0.757,0.7265,0.729,0.4696,0.5179,0.2435,0.807,0.8551,0.8447,0.7731,0.4013,0.8054,0.6679,0.713,0.7161,0.7949,0.3664,0.2456,0.4221,0.3299,0.8444,0.5552,0.77,0.8526,0.6065,0.5966,0.7237,0.6179,0.2682,0.5853,0.677,0.6927,0.717,1,0.7236,0.6683
WV,0.5907,0.6636,0.6807,0.3999,0.2252,0.5012,0.3126,0.1572,0.4857,0.5093,0.4934,0.2022,0.7588,0.685,0.3016,0.7552,0.7516,0.7758,0.5387,0.2577,0.2009,0.6606,0.7261,0.6966,0.7677,0.5235,0.7631,0.7398,0.6932,0.6384,0.6133,0.2098,0.2219,0.2909,0.1973,0.738,0.6776,0.6408,0.6914,0.381,0.6863,0.7283,0.7207,0.2537,0.4202,0.5582,0.507,0.5023,0.7236,1,0.7089
WY,0.6392,0.583,0.6272,0.3919,0.2159,0.526,0.2806,0.1412,0.3703,0.3872,0.3811,0.2062,0.7087,0.6942,0.2491,0.6974,0.7353,0.7184,0.4473,0.2479,0.1907,0.5963,0.6325,0.6672,0.7015,0.423,0.7213,0.6239,0.7219,0.6485,0.5723,0.1923,0.2117,0.2515,0.1776,0.6573,0.6521,0.5965,0.6119,0.3489,0.5668,0.7257,0.6493,0.2375,0.5031,0.4826,0.4756,0.4985,0.6683,0.7089,1
